69 00 6d 00 70 00 6f 00  72 00 74 00 20 00 7b 00
20 00 65 00 6e 00 76 00  69 00 72 00 6f 00 6e 00
6d 00 65 00 6e 00 74 00  20 00 7d 00 20 00 66 00
72 00 6f 00 6d 00 20 00  27 00 2e 00 2e 00 2f 00
2e 00 2e 00 2f 00 2e 00  2e 00 2f 00 65 00 6e 00
76 00 69 00 72 00 6f 00  6e 00 6d 00 65 00 6e 00
74 00 73 00 2f 00 65 00  6e 00 76 00 69 00 72 00
6f 00 6e 00 6d 00 65 00  6e 00 74 00 27 00 3b 00
0a 00 0a 00 2f 00 2a 00  2a 00 20 00 44 00 69 00
67 00 69 00 74 00 73 00  2d 00 6f 00 6e 00 6c 00
79 00 20 00 66 00 72 00  6f 00 6d 00 20 00 61 00
20 00 73 00 74 00 72 00  69 00 6e 00 67 00 20 00
28 00 73 00 74 00 72 00  69 00 70 00 73 00 20 00
2b 00 2c 00 20 00 73 00  70 00 61 00 63 00 65 00
73 00 2c 00 20 00 65 00  74 00 63 00 2e 00 29 00
2e 00 20 00 2a 00 2f 00  0a 00 65 00 78 00 70 00
6f 00 72 00 74 00 20 00  66 00 75 00 6e 00 63 00
74 00 69 00 6f 00 6e 00  20 00 64 00 69 00 67 00
69 00 74 00 73 00 4f 00  6e 00 6c 00 79 00 28 00
69 00 6e 00 70 00 75 00  74 00 3a 00 20 00 73 00
74 00 72 00 69 00 6e 00  67 00 29 00 3a 00 20 00
73 00 74 00 72 00 69 00  6e 00 67 00 20 00 7b 00
0a 00 20 00 20 00 72 00  65 00 74 00 75 00 72 00
6e 00 20 00 53 00 74 00  72 00 69 00 6e 00 67 00
28 00 69 00 6e 00 70 00  75 00 74 00 20 00 3f 00
3f 00 20 00 27 00 27 00  29 00 2e 00 72 00 65 00
70 00 6c 00 61 00 63 00  65 00 28 00 2f 00 5c 00
44 00 2f 00 67 00 2c 00  20 00 27 00 27 00 29 00
3b 00 0a 00 7d 00 0a 00  0a 00 2f 00 2a 00 2a 00
0a 00 20 00 2a 00 20 00  4f 00 77 00 6e 00 65 00
72 00 2d 00 65 00 6e 00  74 00 65 00 72 00 65 00
64 00 20 00 6d 00 6f 00  62 00 69 00 6c 00 65 00
20 00 74 00 6f 00 20 00  45 00 2e 00 31 00 36 00
34 00 2e 00 20 00 41 00  63 00 63 00 65 00 70 00
74 00 73 00 20 00 2b 00  63 00 6f 00 75 00 6e 00
74 00 72 00 79 00 20 00  6f 00 72 00 2c 00 20 00
66 00 6f 00 72 00 20 00  49 00 6e 00 64 00 69 00
61 00 2c 00 20 00 31 00  30 00 2d 00 64 00 69 00
67 00 69 00 74 00 20 00  6d 00 6f 00 62 00 69 00
6c 00 65 00 20 00 73 00  74 00 61 00 72 00 74 00
69 00 6e 00 67 00 20 00  36 00 2d 00 39 00 20 00
61 00 73 00 20 00 2b 00  39 00 31 00 2e 00 0a 00
20 00 2a 00 20 00 52 00  65 00 74 00 75 00 72 00
6e 00 73 00 20 00 6e 00  75 00 6c 00 6c 00 20 00
69 00 66 00 20 00 74 00  68 00 65 00 20 00 76 00
61 00 6c 00 75 00 65 00  20 00 63 00 61 00 6e 00
6e 00 6f 00 74 00 20 00  62 00 65 00 20 00 69 00
6e 00 74 00 65 00 72 00  70 00 72 00 65 00 74 00
65 00 64 00 20 00 73 00  61 00 66 00 65 00 6c 00
79 00 2e 00 0a 00 20 00  2a 00 2f 00 0a 00 65 00
78 00 70 00 6f 00 72 00  74 00 20 00 66 00 75 00
6e 00 63 00 74 00 69 00  6f 00 6e 00 20 00 6e 00
6f 00 72 00 6d 00 61 00  6c 00 69 00 7a 00 65 00
4f 00 77 00 6e 00 65 00  72 00 50 00 68 00 6f 00
6e 00 65 00 28 00 69 00  6e 00 70 00 75 00 74 00
3a 00 20 00 73 00 74 00  72 00 69 00 6e 00 67 00
29 00 3a 00 20 00 73 00  74 00 72 00 69 00 6e 00
67 00 20 00 7c 00 20 00  6e 00 75 00 6c 00 6c 00
20 00 7b 00 0a 00 20 00  20 00 63 00 6f 00 6e 00
73 00 74 00 20 00 72 00  61 00 77 00 20 00 3d 00
20 00 53 00 74 00 72 00  69 00 6e 00 67 00 28 00
69 00 6e 00 70 00 75 00  74 00 20 00 3f 00 3f 00
20 00 27 00 27 00 29 00  2e 00 74 00 72 00 69 00
6d 00 28 00 29 00 3b 00  0a 00 20 00 20 00 69 00
66 00 20 00 28 00 21 00  72 00 61 00 77 00 29 00
20 00 72 00 65 00 74 00  75 00 72 00 6e 00 20 00
6e 00 75 00 6c 00 6c 00  3b 00 0a 00 20 00 20 00
69 00 66 00 20 00 28 00  72 00 61 00 77 00 2e 00
73 00 74 00 61 00 72 00  74 00 73 00 57 00 69 00
74 00 68 00 28 00 27 00  2b 00 27 00 29 00 29 00
20 00 7b 00 0a 00 20 00  20 00 20 00 20 00 63 00
6f 00 6e 00 73 00 74 00  20 00 64 00 20 00 3d 00
20 00 64 00 69 00 67 00  69 00 74 00 73 00 4f 00
6e 00 6c 00 79 00 28 00  72 00 61 00 77 00 2e 00
73 00 6c 00 69 00 63 00  65 00 28 00 31 00 29 00
29 00 3b 00 0a 00 20 00  20 00 20 00 20 00 69 00
66 00 20 00 28 00 64 00  2e 00 6c 00 65 00 6e 00
67 00 74 00 68 00 20 00  3c 00 20 00 31 00 30 00
20 00 7c 00 7c 00 20 00  64 00 2e 00 6c 00 65 00
6e 00 67 00 74 00 68 00  20 00 3e 00 20 00 31 00
35 00 29 00 20 00 72 00  65 00 74 00 75 00 72 00
6e 00 20 00 6e 00 75 00  6c 00 6c 00 3b 00 0a 00
20 00 20 00 20 00 20 00  72 00 65 00 74 00 75 00
72 00 6e 00 20 00 60 00  2b 00 24 00 7b 00 64 00
7d 00 60 00 3b 00 0a 00  20 00 20 00 7d 00 0a 00
20 00 20 00 63 00 6f 00  6e 00 73 00 74 00 20 00
64 00 20 00 3d 00 20 00  64 00 69 00 67 00 69 00
74 00 73 00 4f 00 6e 00  6c 00 79 00 28 00 72 00
61 00 77 00 29 00 3b 00  0a 00 20 00 20 00 69 00
66 00 20 00 28 00 64 00  2e 00 6c 00 65 00 6e 00
67 00 74 00 68 00 20 00  3d 00 3d 00 3d 00 20 00
31 00 30 00 20 00 26 00  26 00 20 00 2f 00 5e 00
5b 00 36 00 2d 00 39 00  5d 00 2f 00 2e 00 74 00
65 00 73 00 74 00 28 00  64 00 29 00 29 00 20 00
7b 00 0a 00 20 00 20 00  20 00 20 00 72 00 65 00
74 00 75 00 72 00 6e 00  20 00 60 00 2b 00 39 00
31 00 24 00 7b 00 64 00  7d 00 60 00 3b 00 0a 00
20 00 20 00 7d 00 0a 00  20 00 20 00 69 00 66 00
20 00 28 00 64 00 2e 00  6c 00 65 00 6e 00 67 00
74 00 68 00 20 00 3e 00  3d 00 20 00 31 00 30 00
20 00 26 00 26 00 20 00  64 00 2e 00 6c 00 65 00
6e 00 67 00 74 00 68 00  20 00 3c 00 3d 00 20 00
31 00 35 00 29 00 20 00  7b 00 0a 00 20 00 20 00
20 00 20 00 72 00 65 00  74 00 75 00 72 00 6e 00
20 00 60 00 2b 00 24 00  7b 00 64 00 7d 00 60 00
3b 00 0a 00 20 00 20 00  7d 00 0a 00 20 00 20 00
72 00 65 00 74 00 75 00  72 00 6e 00 20 00 6e 00
75 00 6c 00 6c 00 3b 00  0a 00 7d 00 0a 00 0a 00
2f 00 2a 00 2a 00 0a 00  20 00 2a 00 20 00 46 00
69 00 72 00 65 00 62 00  61 00 73 00 65 00 20 00
41 00 75 00 74 00 68 00  20 00 65 00 6d 00 61 00
69 00 6c 00 20 00 66 00  6f 00 72 00 20 00 70 00
61 00 73 00 73 00 77 00  6f 00 72 00 64 00 20 00
73 00 69 00 67 00 6e 00  2d 00 69 00 6e 00 20 00
66 00 6f 00 72 00 20 00  70 00 68 00 6f 00 6e 00
65 00 2d 00 66 00 69 00  72 00 73 00 74 00 20 00
6f 00 77 00 6e 00 65 00  72 00 73 00 2e 00 0a 00
20 00 2a 00 20 00 44 00  65 00 74 00 65 00 72 00
6d 00 69 00 6e 00 69 00  73 00 74 00 69 00 63 00
20 00 66 00 72 00 6f 00  6d 00 20 00 45 00 2e 00
31 00 36 00 34 00 20 00  73 00 6f 00 20 00 6c 00
6f 00 67 00 69 00 6e 00  20 00 61 00 6e 00 64 00
20 00 70 00 61 00 73 00  73 00 77 00 6f 00 72 00
64 00 20 00 72 00 65 00  73 00 65 00 74 00 20 00
77 00 6f 00 72 00 6b 00  20 00 77 00 69 00 74 00
68 00 6f 00 75 00 74 00  20 00 61 00 20 00 70 00
75 00 62 00 6c 00 69 00  63 00 20 00 46 00 69 00
72 00 65 00 73 00 74 00  6f 00 72 00 65 00 20 00
70 00 68 00 6f 00 6e 00  65 00 20 00 6c 00 6f 00
6f 00 6b 00 75 00 70 00  2e 00 0a 00 20 00 2a 00
2f 00 0a 00 65 00 78 00  70 00 6f 00 72 00 74 00
20 00 66 00 75 00 6e 00  63 00 74 00 69 00 6f 00
6e 00 20 00 6f 00 77 00  6e 00 65 00 72 00 41 00
75 00 74 00 68 00 45 00  6d 00 61 00 69 00 6c 00
46 00 72 00 6f 00 6d 00  50 00 68 00 6f 00 6e 00
65 00 28 00 70 00 68 00  6f 00 6e 00 65 00 45 00
31 00 36 00 34 00 3a 00  20 00 73 00 74 00 72 00
69 00 6e 00 67 00 29 00  3a 00 20 00 73 00 74 00
72 00 69 00 6e 00 67 00  20 00 7b 00 0a 00 20 00
20 00 63 00 6f 00 6e 00  73 00 74 00 20 00 64 00
20 00 3d 00 20 00 64 00  69 00 67 00 69 00 74 00
73 00 4f 00 6e 00 6c 00  79 00 28 00 70 00 68 00
6f 00 6e 00 65 00 45 00  31 00 36 00 34 00 29 00
3b 00 0a 00 20 00 20 00  63 00 6f 00 6e 00 73 00
74 00 20 00 68 00 6f 00  73 00 74 00 20 00 3d 00
20 00 65 00 6e 00 76 00  69 00 72 00 6f 00 6e 00
6d 00 65 00 6e 00 74 00  2e 00 66 00 69 00 72 00
65 00 62 00 61 00 73 00  65 00 2e 00 61 00 75 00
74 00 68 00 44 00 6f 00  6d 00 61 00 69 00 6e 00
20 00 7c 00 7c 00 20 00  27 00 67 00 79 00 6d 00
2d 00 70 00 67 00 2d 00  73 00 61 00 61 00 73 00
2e 00 66 00 69 00 72 00  65 00 62 00 61 00 73 00
65 00 61 00 70 00 70 00  2e 00 63 00 6f 00 6d 00
27 00 3b 00 0a 00 20 00  20 00 72 00 65 00 74 00
75 00 72 00 6e 00 20 00  60 00 24 00 7b 00 64 00
7d 00 40 00 24 00 7b 00  68 00 6f 00 73 00 74 00
7d 00 60 00 3b 00 0a 00  7d 00 0a 00
